loading data...
  bars: 2,967,632 rows  2018-01-01 -> 2026-06-08
  vol:  2,419 days

building trades (pre-SAL)...
raw touches (pre-SAL): 1877
kept (post-SAL):       1194

Year       n        net      PF    maxDD    TP    SL    BE   cut
------------------------------------------------------------
2018     126      138.2   1.474    -64.3    40    36    44     6
2019     127      105.8   1.284    -54.4    41    45    29    12
2020     154      319.5   1.387   -184.6    53    43    46    12
2021     159      154.6   1.254   -138.6    42    41    53    23
2022     137      391.4   1.572   -167.8    49    32    45    11
2023     147      581.9   2.184    -74.9    64    34    32    17
2024     121      101.2   1.185    -90.2    37    41    39     4
2025     153      605.3   1.824   -122.5    51    44    43    15
2026      70      713.3   3.391    -61.3    30    14    15    11
------------------------------------------------------------
ALL     1194     3111.3   1.641   -184.6   407   330   346   111

tWR (TP/(TP+SL)) = 55.2%
