loading data...
  bars:  2,964,660 rows  2018-01-01 → 2026-06-07
  vxn:   2,139 days

building trades (pre-SAL)...
raw touches (pre-SAL): 1838
kept (post-SAL):       1255

Year       n        net      PF    maxDD    TP    SL    BE   cut
------------------------------------------------------------
2018     142      383.5   1.271   -225.1    57    40    35    10
2019     138      171.4   1.137   -452.1    42    47    31    18
2020     158     3010.5   2.047   -614.4    57    46    46     9
2021     149     1692.1   1.659   -339.4    63    37    34    15
2022     146     3343.0   2.095   -348.7    60    39    41     6
2023     143     1395.4   1.495   -446.8    51    34    40    18
2024     133      890.7   1.244   -641.4    45    46    26    16
2025     166     3286.9   1.824   -438.4    75    41    40    10
2026      80     3883.2   3.939   -327.3    40    11    20     9
------------------------------------------------------------
ALL     1255    18056.7   1.787   -641.4   490   341   313   111

tWR (TP/(TP+SL)) = 59.0%
